0 1
0 2
0 3
0 4
0 5
0 6
0 7
1 33
1 2
1 35
1 36
1 34
1 24
1 6
1 3
1 37
1 27
2 52
2 37
2 6
2 24
2 33
3 39
3 42
3 35
4 31
4 55
4 7
4 56
4 54
5 33
6 31
6 24
6 33
7 31
7 39
7 27
7 44
7 45
7 28
8 15
8 16
8 17
8 9
8 10
8 11
8 12
8 13
8 14
9 15
9 17
9 20
9 16
11 15
11 16
11 18
11 19
11 20
11 21
11 22
11 12
12 15
12 16
12 17
12 25
13 39
14 15
14 25
14 16
15 16
15 43
16 43
16 17
17 20
17 41
17 44
18 40
18 22
20 22
20 39
20 40
20 38
20 41
22 40
22 44
23 24
24 48
24 37
24 56
24 33
24 45
26 31
26 27
26 28
26 29
26 30
27 31
27 48
27 35
27 37
27 39
27 57
27 28
27 61
28 31
28 48
28 50
28 37
28 34
28 57
28 46
29 50
29 52
29 58
30 51
31 34
31 42
31 45
31 48
31 50
31 57
32 33
33 36
33 53
33 37
33 34
34 52
34 55
34 57
35 52
35 38
35 42
36 39
38 47
38 52
38 54
39 52
41 47
41 44
43 60
44 47
45 50
47 55
47 54
48 49
48 50
48 51
49 61
50 57
50 59
50 52
52 54
52 57
54 55
54 56
55 56
55 58
56 58
58 61
