0 1
1 9
2 20
3 24
4 37
5 9
6 6
7 31
8 37
9 0
10 1
11 31
12 18
13 26
14 5
15 35
16 22
17 1
18 27
19 6
20 6
21 5
22 24
23 9
24 37
25 23
26 9
27 6
28 24
29 27
30 27
31 0
32 19
33 19
34 18
35 23
36 28
37 37
38 14
39 7
40 6
41 8
42 11
43 37
44 24
45 9
46 1
47 6
48 21
49 37
50 37
51 30
52 32
53 11
54 6
55 14
56 14
57 26
58 6
59 9
60 35
61 23
62 16
63 24
64 5
65 6
66 20
67 28
68 26
69 22
70 28
71 15
72 37
73 8
74 18
75 9
76 1
77 22
78 35
79 26
80 34
81 2
82 16
83 20
84 26
85 14
86 37
87 17
88 18
89 20
90 9
91 37
92 32
93 5
94 1
95 36
96 37
97 14
98 19
99 13
100 18
101 36
102 20
103 9
104 9
105 25
106 19
107 15
108 6
109 25
110 7
111 0
112 21
113 31
114 20
115 22
116 1
117 24
118 16
119 37
120 23
121 36
122 3
123 36
124 4
125 24
126 19
127 6
128 35
129 21
130 37
131 30
132 32
133 5
134 19
135 19
136 37
137 26
138 2
139 8
140 24
141 18
142 27
143 38
144 15
145 6
146 36
147 10
148 22
149 26
150 28
151 15
152 10
153 26
154 12
155 6
156 29
157 35
158 16
159 31
160 17
161 24
162 22
163 9
164 24
165 20
166 26
167 9
168 10
169 3
170 16
171 14
172 25
173 39
174 30
175 26
176 32
177 10
178 6
179 25
180 19
181 25
182 24
183 6
184 22
185 6
186 28
187 13
188 20
189 19
190 30
191 30
192 35
193 28
194 22
195 3
196 19
197 31
198 19
199 5
200 35
201 19
202 4
203 28
204 25
205 18
206 21
207 20
208 24
209 26
210 37
211 5
212 37
213 36
214 26
215 1
216 1
217 3
218 37
219 13
220 26
221 19
222 19
223 23
224 11
225 35
226 37
227 1
228 13
229 19
230 22
231 37
232 12
233 10
234 14
235 20
236 9
237 9
238 30
239 37
240 5
241 37
242 9
243 14
244 38
245 18
246 6
247 35
248 13
249 20
250 17
251 15
252 27
253 9
254 39
255 13
256 26
257 6
258 24
259 6
260 24
261 14
262 24
263 9
264 8
265 28
266 10
267 26
268 20
269 20
270 10
271 35
272 26
273 28
274 10
275 19
276 8
277 8
278 1
279 7
280 19
281 6
282 35
283 19
284 35
285 23
286 24
287 3
288 11
289 31
290 1
291 6
292 23
293 11
294 13
295 30
296 38
297 30
298 5
299 14
300 19
301 25
302 16
303 28
304 12
305 13
306 14
307 35
308 20
309 6
310 9
311 15
312 37
313 28
314 37
315 8
316 24
317 39
318 9
319 31
320 1
321 26
322 22
323 24
324 37
325 10
326 19
327 36
328 6
329 6
330 24
331 6
332 20
333 10
334 37
335 7
336 15
337 13
338 28
339 1
340 6
341 8
342 38
343 11
344 26
345 36
346 9
347 19
348 13
349 20
350 39
351 25
352 31
353 31
354 15
355 31
356 37
357 7
358 31
359 35
360 24
361 1
362 3
363 23
364 22
365 14
366 20
367 24
368 6
369 9
370 8
371 12
372 34
373 30
374 31
375 24
376 22
377 6
378 1
379 37
380 24
381 8
382 19
383 19
384 6
385 9
386 24
387 9
388 6
389 19
390 9
391 19
392 31
393 34
394 24
395 9
396 26
397 24
398 23
399 7
400 20
401 35
402 37
403 38
404 18
405 39
406 19
407 19
408 14
409 20
410 25
411 23
412 24
413 22
414 6
415 20
416 28
417 13
418 13
419 14
420 24
421 25
422 13
423 24
424 24
425 24
426 16
427 13
428 19
429 30
430 19
431 22
432 9
433 24
434 14
435 36
436 35
437 6
438 20
439 10
440 7
441 8
442 9
443 24
444 10
445 14
446 19
447 24
448 1
449 31
450 5
451 23
452 26
453 26
454 18
455 1
456 32
457 31
458 26
459 31
460 9
461 10
462 3
463 3
464 9
465 4
466 7
467 20
468 0
469 26
470 28
471 15
472 23
473 20
474 20
475 6
476 30
477 20
478 6
479 15
480 10
481 24
482 38
483 11
484 28
485 15
486 8
487 5
488 10
489 20
490 26
491 6
492 25
493 26
494 8
495 25
496 26
497 14
498 37
499 6
500 13
501 5
502 1
503 8
504 19
505 0
506 26
507 6
508 24
509 37
510 9
511 23
512 24
513 37
514 31
515 1
516 32
517 14
518 0
519 23
520 14
521 19
522 30
523 6
524 15
525 8
526 5
527 5
528 6
529 20
530 23
531 6
532 9
533 18
534 1
535 20
536 5
537 13
538 31
539 31
540 19
541 20
542 19
543 37
544 20
545 10
546 37
547 20
548 27
549 32
550 8
551 37
552 38
553 38
554 24
555 24
556 30
557 9
558 20
559 24
560 37
561 37
562 25
563 24
564 10
565 34
566 37
567 20
568 39
569 24
570 13
571 24
572 35
573 22
574 26
575 24
576 14
577 25
578 3
579 28
580 22
581 9
582 13
583 27
584 15
585 37
586 34
587 18
588 6
589 31
590 35
591 24
592 32
593 13
594 24
595 37
596 14
597 6
598 36
599 10
600 25
601 31
602 39
603 12
604 35
605 37
606 24
607 8
608 22
609 10
610 37
611 26
612 21
613 37
614 24
615 14
616 38
617 28
618 24
619 37
620 13
621 13
622 36
623 10
624 9
625 19
626 25
627 1
628 20
629 20
630 28
631 18
632 5
633 37
634 19
635 37
636 13
637 0
638 25
639 20
640 23
641 22
642 17
643 31
644 10
645 6
646 22
647 26
648 13
649 24
650 37
651 23
652 35
653 31
654 37
655 6
656 19
657 26
658 34
659 37
660 6
661 35
662 19
663 0
664 0
665 7
666 32
667 13
668 15
669 13
670 11
671 20
672 37
673 12
674 19
675 20
676 19
677 27
678 20
679 18
680 14
681 27
682 25
683 14
684 26
685 24
686 21
687 28
688 24
689 22
690 11
691 20
692 14
693 26
694 23
695 18
696 32
697 10
698 6
699 32
700 6
701 18
702 25
703 26
704 37
705 25
706 30
707 1
708 37
709 6
710 11
711 37
712 35
713 0
714 38
715 8
716 19
717 26
718 25
719 23
720 6
721 23
722 19
723 35
724 24
725 24
726 36
727 3
728 20
729 1
730 35
731 26
732 37
733 23
734 8
735 23
736 14
737 25
738 10
739 19
740 26
741 18
742 37
743 1
744 6
745 19
746 13
747 5
748 20
749 23
750 1
751 6
752 6
753 30
754 37
755 20
756 24
757 14
758 1
759 5
760 30
761 24
762 26
763 14
764 31
765 20
766 19
767 23
768 11
769 10
770 37
771 26
772 25
773 14
774 25
775 25
776 10
777 14
778 39
779 13
780 33
781 21
782 25
783 1
784 10
785 13
786 37
787 23
788 13
789 31
790 5
791 20
792 23
793 14
794 35
795 14
796 37
797 25
798 6
799 20
800 37
801 35
802 37
803 28
804 18
805 18
806 26
807 13
808 34
809 17
810 1
811 23
812 6
813 39
814 10
815 30
816 26
817 28
818 2
819 20
820 38
821 2
822 2
823 37
824 14
825 20
826 24
827 6
828 7
829 16
830 25
831 1
832 30
833 34
834 13
835 2
836 17
837 19
838 13
839 9
840 28
841 22
842 35
843 14
844 37
845 13
846 13
847 23
848 28
849 13
850 39
851 19
852 0
853 9
854 6
855 11
856 9
857 26
858 19
859 6
860 22
861 13
862 24
863 37
864 31
865 26
866 35
867 6
868 37
869 3
870 35
871 5
872 2
873 18
874 25
875 26
876 19
877 26
878 13
879 6
880 6
881 20
882 13
883 26
884 37
885 3
886 6
887 26
888 31
889 19
890 5
891 8
892 25
893 1
894 4
895 13
896 6
897 37
898 13
899 23
900 6
901 38
902 1
903 19
904 28
905 20
906 6
907 1
908 6
909 19
910 16
911 37
912 20
913 5
914 19
915 6
916 26
917 7
918 19
919 20
920 2
921 6
922 13
923 35
924 15
925 26
926 23
927 20
928 30
929 27
930 38
931 20
932 13
933 5
934 26
935 14
936 24
937 35
938 9
939 9
940 26
941 26
942 35
943 20
944 27
945 17
946 5
947 25
948 32
949 9
950 30
951 37
952 2
953 10
954 26
955 34
956 6
957 20
958 37
959 11
960 24
961 37
962 6
963 11
964 35
965 9
966 39
967 25
968 24
969 6
970 6
971 31
972 14
973 25
974 7
975 13
976 18
977 10
978 18
979 15
980 24
981 24
982 24
983 20
984 24
985 14
986 28
987 21
988 39
989 26
990 39
991 14
992 1
993 30
994 38
995 26
996 26
997 14
998 9
999 24
1000 19
1001 28
1002 24
1003 28
1004 24
1005 37
1006 5
1007 35
1008 23
1009 24
1010 13
1011 23
1012 31
1013 34
1014 30
1015 6
1016 9
1017 34
1018 33
1019 15
1020 20
1021 35
1022 26
1023 19
1024 15
1025 9
1026 34
1027 21
1028 6
1029 31
1030 26
1031 24
1032 15
1033 19
1034 26
1035 25
1036 19
1037 20
1038 5
1039 13
1040 30
1041 23
1042 6
1043 25
1044 21
1045 6
1046 9
1047 20
1048 25
1049 26
1050 10
1051 30
1052 31
1053 14
1054 20
1055 26
1056 28
1057 9
1058 39
1059 10
1060 22
1061 13
1062 6
1063 20
1064 20
1065 28
1066 20
1067 23
1068 37
1069 26
1070 24
1071 26
1072 35
1073 9
1074 10
1075 6
1076 24
1077 37
1078 4
1079 24
1080 18
1081 20
1082 31
1083 25
1084 20
1085 31
1086 11
1087 20
1088 15
1089 35
1090 20
1091 24
1092 18
1093 37
1094 20
1095 37
1096 13
1097 24
1098 37
1099 2
1100 19
1101 14
1102 15
1103 5
1104 20
1105 37
1106 10
1107 23
1108 14
1109 18
1110 17
1111 19
1112 20
1113 20
1114 13
1115 6
1116 26
1117 27
1118 8
1119 14
1120 26
1121 22
1122 23
1123 12
1124 23
1125 10
1126 20
1127 19
1128 20
1129 36
1130 31
1131 9
1132 19
1133 31
1134 25
1135 19
1136 1
1137 2
1138 22
1139 26
1140 17
1141 31
1142 20
1143 37
1144 30
1145 30
1146 13
1147 0
1148 30
1149 11
1150 27
1151 26
1152 31
1153 7
1154 8
1155 14
1156 10
1157 9
1158 23
1159 26
1160 37
1161 38
1162 20
1163 5
1164 25
1165 27
1166 7
1167 12
1168 10
1169 20
1170 6
1171 6
1172 6
1173 26
1174 17
1175 30
1176 30
1177 16
1178 30
1179 5
1180 11
1181 26
1182 14
1183 37
1184 13
1185 26
1186 13
1187 28
1188 6
1189 39
1190 13
1191 20
1192 38
1193 19
1194 15
1195 6
1196 38
1197 37
1198 37
1199 30
1200 32
1201 30
1202 14
1203 13
1204 39
1205 19
1206 32
1207 6
1208 5
1209 36
1210 14
1211 35
1212 26
1213 31
1214 11
1215 18
1216 5
1217 18
1218 25
1219 23
1220 23
1221 0
1222 23
1223 30
1224 8
1225 31
1226 37
1227 0
1228 9
1229 13
1230 31
1231 21
1232 11
1233 13
1234 20
1235 10
1236 37
1237 37
1238 25
1239 10
1240 39
1241 21
1242 14
1243 38
1244 35
1245 26
1246 14
1247 31
1248 6
1249 26
1250 16
1251 18
1252 13
1253 13
1254 26
1255 31
1256 7
1257 1
1258 39
1259 26
1260 6
1261 22
1262 38
1263 8
1264 13
1265 19
1266 9
1267 17
1268 0
1269 16
1270 35
1271 24
1272 11
1273 6
1274 16
1275 24
1276 8
1277 14
1278 6
1279 19
1280 31
1281 34
1282 37
1283 37
1284 26
1285 20
1286 13
1287 18
1288 37
1289 35
1290 37
1291 11
1292 16
1293 10
1294 18
1295 36
1296 10
1297 22
1298 6
1299 13
1300 11
1301 14
1302 20
1303 28
1304 7
1305 20
1306 5
1307 24
1308 9
1309 9
1310 35
1311 34
1312 1
1313 19
1314 31
1315 11
1316 8
1317 8
1318 7
1319 39
1320 14
1321 37
1322 17
1323 19
1324 26
1325 0
1326 27
1327 6
1328 6
1329 37
1330 24
1331 37
1332 39
1333 20
1334 20
1335 19
1336 19
1337 25
1338 19
1339 19
1340 30
1341 15
1342 10
1343 20
1344 9
1345 32
1346 19
1347 22
1348 6
1349 28
1350 23
1351 9
1352 13
1353 26
1354 19
1355 35
1356 27
1357 10
1358 24
1359 37
1360 38
1361 30
1362 6
1363 22
1364 19
1365 11
1366 14
1367 17
1368 6
1369 37
1370 17
1371 14
1372 17
1373 25
1374 35
1375 20
1376 30
1377 9
1378 6
1379 35
1380 21
1381 19
1382 25
1383 22
1384 5
1385 27
1386 27
1387 8
1388 22
1389 6
1390 35
1391 13
1392 26
1393 31
1394 14
1395 20
1396 37
1397 37
1398 22
1399 6
1400 24
1401 28
1402 8
1403 35
1404 25
1405 8
1406 35
1407 9
1408 26
1409 2
1410 38
1411 2
1412 24
1413 22
1414 25
1415 13
1416 17
1417 15
1418 37
1419 15
1420 13
1421 37
1422 24
1423 17
1424 13
1425 35
1426 0
1427 31
1428 23
1429 25
1430 31
1431 22
1432 6
1433 18
1434 37
1435 1
1436 29
1437 22
1438 35
1439 28
1440 35
1441 35
1442 21
1443 30
1444 11
1445 30
1446 32
1447 37
1448 26
1449 30
1450 25
1451 12
1452 9
1453 33
1454 28
1455 35
1456 26
1457 20
1458 15
1459 22
1460 20
1461 24
1462 5
1463 13
1464 35
1465 6
1466 1
1467 17
1468 24
1469 37
1470 19
1471 22
1472 19
1473 23
1474 37
1475 21
1476 37
1477 25
1478 6
1479 6
1480 37
1481 35
1482 8
1483 26
1484 16
1485 25
1486 14
1487 25
1488 32
1489 6
1490 16
1491 13
1492 37
1493 13
1494 13
1495 14
1496 37
1497 15
1498 9
1499 14
1500 35
1501 37
1502 38
1503 9
1504 25
1505 6
1506 26
1507 19
1508 26
1509 6
1510 6
1511 35
1512 24
1513 1
1514 11
1515 20
1516 20
1517 23
1518 31
1519 25
1520 1
1521 19
1522 31
1523 25
1524 30
1525 13
1526 5
1527 11
1528 11
1529 39
1530 23
1531 37
1532 25
1533 26
1534 6
1535 37
1536 17
1537 25
1538 19
1539 21
1540 22
1541 34
1542 25
1543 20
1544 32
1545 37
1546 37
1547 6
1548 32
1549 39
1550 37
1551 19
1552 22
1553 31
1554 36
1555 1
1556 6
1557 37
1558 9
1559 24
1560 20
1561 12
1562 22
1563 25
1564 20
1565 39
1566 26
1567 37
1568 6
1569 37
1570 14
1571 20
1572 24
1573 26
1574 30
1575 31
1576 15
1577 34
1578 16
1579 23
1580 19
1581 3
1582 19
1583 35
1584 35
1585 20
1586 31
1587 22
1588 13
1589 10
1590 28
1591 19
1592 35
1593 19
1594 19
1595 11
1596 37
1597 23
1598 27
1599 37
1600 22
1601 10
1602 6
1603 22
1604 30
1605 6
1606 24
1607 14
1608 37
1609 13
1610 13
1611 8
1612 26
1613 11
1614 26
1615 20
1616 8
1617 19
1618 8
1619 11
1620 19
1621 6
1622 10
1623 37
1624 12
1625 35
1626 19
1627 27
1628 1
1629 26
1630 17
1631 20
1632 14
1633 20
1634 26
1635 8
1636 17
1637 10
1638 21
1639 38
1640 37
1641 14
1642 24
1643 9
1644 39
1645 26
1646 11
1647 18
1648 35
1649 6
1650 6
1651 26
1652 35
1653 26
1654 36
1655 37
1656 13
1657 13
1658 13
1659 24
1660 30
1661 6
1662 10
1663 30
1664 20
1665 7
1666 37
1667 31
1668 39
1669 28
1670 25
1671 30
1672 39
1673 15
1674 13
1675 6
1676 20
1677 20
1678 13
1679 25
1680 21
1681 9
1682 39
1683 20
1684 20
1685 9
1686 13
1687 3
1688 13
1689 39
1690 23
1691 13
1692 35
1693 31
1694 17
1695 13
1696 35
1697 28
1698 25
1699 9
1700 6
1701 25
1702 39
1703 19
1704 7
1705 22
1706 23
1707 25
1708 1
1709 9
1710 21
1711 32
1712 20
1713 31
1714 6
1715 39
1716 17
1717 13
1718 35
1719 7
1720 6
1721 30
1722 30
1723 19
1724 15
1725 38
1726 19
1727 15
1728 8
1729 27
1730 3
1731 19
1732 14
1733 34
1734 37
1735 26
1736 20
1737 22
1738 37
1739 31
1740 37
1741 28
1742 2
1743 8
1744 20
1745 34
1746 10
1747 14
1748 20
1749 26
1750 1
1751 25
1752 6
1753 26
1754 13
1755 5
1756 37
1757 20
1758 14
1759 39
1760 39
1761 34
1762 19
1763 5
1764 19
1765 20
1766 25
1767 6
1768 5
1769 4
1770 24
1771 28
1772 11
1773 20
1774 6
1775 10
1776 6
1777 19
1778 16
1779 8
1780 26
1781 14
1782 22
1783 14
1784 14
1785 37
1786 5
1787 10
1788 31
1789 13
1790 8
1791 7
1792 13
1793 6
1794 1
1795 35
1796 13
1797 20
1798 26
1799 34
1800 24
1801 24
1802 37
1803 13
1804 0
1805 10
1806 25
1807 14
1808 5
1809 28
1810 13
1811 26
1812 20
1813 23
1814 22
1815 9
1816 6
1817 24
1818 10
1819 9
1820 32
1821 1
1822 37
1823 25
1824 30
1825 6
1826 7
1827 10
1828 26
1829 25
1830 20
1831 26
1832 24
1833 37
1834 37
1835 26
1836 24
1837 26
1838 9
1839 1
1840 26
1841 13
1842 35
1843 20
1844 20
1845 23
1846 24
1847 20
1848 27
1849 28
1850 7
1851 25
1852 24
1853 24
1854 6
1855 11
1856 6
1857 24
1858 20
1859 20
1860 24
1861 19
1862 8
1863 4
1864 19
1865 22
1866 24
1867 15
1868 9
1869 19
1870 39
1871 19
1872 13
1873 37
1874 8
1875 6
1876 13
1877 10
1878 6
1879 22
1880 37
1881 19
1882 9
1883 13
1884 20
1885 28
1886 20
1887 27
1888 23
1889 24
1890 24
1891 35
1892 37
1893 36
1894 20
1895 37
1896 6
1897 22
1898 20
1899 21
1900 39
1901 39
1902 12
1903 39
1904 30
1905 38
1906 30
1907 8
1908 28
1909 23
1910 14
1911 15
1912 26
1913 20
1914 24
1915 6
1916 20
1917 1
1918 35
1919 37
1920 22
1921 11
1922 22
1923 5
1924 9
1925 5
1926 30
1927 10
1928 18
1929 30
1930 8
1931 32
1932 37
1933 19
1934 6
1935 7
1936 14
1937 24
1938 19
1939 9
1940 1
1941 31
1942 31
1943 24
1944 35
1945 39
1946 37
1947 39
1948 6
1949 15
1950 24
1951 39
1952 38
1953 25
1954 5
1955 18
1956 24
1957 24
1958 5
1959 12
1960 18
1961 35
1962 25
1963 15
1964 26
1965 10
1966 20
1967 6
1968 35
1969 24
1970 27
1971 37
1972 26
1973 26
1974 3
1975 37
1976 22
1977 14
1978 28
1979 18
1980 10
1981 24
1982 0
1983 5
1984 12
1985 6
1986 2
1987 5
1988 20
1989 10
1990 19
1991 1
1992 6
1993 6
1994 38
1995 25
1996 16
1997 8
1998 34
1999 30
2000 30
2001 27
2002 6
2003 22
2004 6
2005 35
2006 37
2007 30
2008 6
2009 25
2010 1
2011 5
2012 25
2013 37
2014 20
2015 12
2016 9
2017 6
2018 37
2019 19
2020 9
2021 9
2022 23
2023 6
2024 21
2025 30
2026 22
2027 11
2028 28
2029 31
2030 28
2031 19
2032 22
2033 27
2034 37
2035 37
2036 6
2037 35
2038 6
2039 14
2040 37
2041 28
2042 14
2043 22
2044 39
2045 26
2046 8
2047 30
2048 35
2049 35
2050 0
2051 31
2052 30
2053 24
2054 21
2055 25
2056 20
2057 26
2058 37
2059 5
2060 20
2061 28
2062 10
2063 26
2064 35
2065 23
2066 37
2067 20
2068 17
2069 37
2070 32
2071 23
2072 32
2073 25
2074 13
2075 28
2076 24
2077 37
2078 6
2079 0
2080 30
2081 22
2082 20
2083 9
2084 30
2085 16
2086 20
2087 13
2088 6
2089 35
2090 25
2091 25
2092 28
2093 19
2094 32
2095 30
2096 8
2097 26
2098 20
2099 18
2100 12
2101 19
2102 5
2103 1
2104 1
2105 19
2106 30
2107 20
2108 24
2109 37
2110 35
2111 22
2112 13
2113 22
2114 24
2115 19
2116 18
2117 6
2118 24
2119 23
2120 24
2121 38
2122 28
2123 1
2124 13
2125 31
2126 9
2127 31
2128 6
2129 32
2130 35
2131 22
2132 6
2133 26
2134 31
2135 19
2136 13
2137 6
2138 6
2139 32
2140 15
2141 25
2142 14
2143 31
2144 32
2145 9
2146 24
2147 9
2148 24
2149 9
2150 19
2151 13
2152 13
2153 1
2154 13
2155 35
2156 31
2157 8
2158 19
2159 7
2160 20
2161 31
2162 26
2163 26
2164 26
2165 19
2166 19
2167 23
2168 8
2169 11
2170 11
2171 35
2172 19
2173 23
2174 37
2175 1
2176 19
2177 30
2178 19
2179 6
2180 30
2181 26
2182 20
2183 31
2184 31
2185 10
2186 17
2187 30
2188 17
2189 13
2190 37
2191 8
2192 36
2193 26
2194 1
2195 1
2196 25
2197 30
2198 26
2199 19
2200 39
2201 26
2202 38
2203 19
2204 1
2205 16
2206 22
2207 15
2208 28
2209 19
2210 25
2211 6
2212 13
2213 6
2214 13
2215 19
2216 22
2217 31
2218 19
2219 28
2220 19
2221 26
2222 8
2223 29
2224 20
2225 2
2226 13
2227 20
2228 9
2229 26
2230 34
2231 7
2232 9
2233 7
2234 6
2235 16
2236 14
2237 13
2238 6
2239 24
2240 18
2241 6
2242 26
2243 15
2244 6
2245 37
2246 19
2247 38
2248 37
2249 19
2250 37
2251 17
2252 6
2253 8
2254 31
2255 21
2256 19
2257 35
2258 37
2259 20
2260 5
2261 20
2262 14
2263 14
2264 21
2265 26
2266 9
2267 19
2268 27
2269 9
2270 6
2271 39
2272 35
2273 24
2274 35
2275 27
2276 20
2277 37
2278 22
2279 19
2280 31
2281 6
2282 15
2283 19
2284 6
2285 5
2286 21
2287 22
2288 18
2289 16
2290 6
2291 8
2292 10
2293 1
2294 13
2295 6
2296 9
2297 6
2298 31
2299 9
2300 14
2301 13
2302 39
2303 6
2304 1
2305 2
2306 35
2307 30
2308 13
2309 13
2310 6
2311 9
2312 12
2313 16
2314 24
2315 31
2316 32
2317 35
2318 15
2319 28
2320 31
2321 39
2322 15
2323 37
2324 25
2325 31
2326 8
2327 19
2328 15
2329 39
2330 5
2331 6
2332 20
2333 35
2334 0
2335 19
2336 34
2337 20
2338 5
2339 6
2340 6
2341 13
2342 3
2343 6
2344 5
2345 36
2346 39
2347 26
2348 18
2349 25
2350 19
2351 19
2352 21
2353 19
2354 13
2355 10
2356 27
2357 13
2358 6
2359 13
2360 38
2361 28
2362 25
2363 27
2364 13
2365 26
2366 38
2367 35
2368 6
2369 13
2370 34
2371 13
2372 26
2373 31
2374 6
2375 24
2376 26
2377 20
2378 6
2379 8
2380 6
2381 14
2382 22
2383 31
2384 10
2385 25
2386 37
2387 28
2388 19
2389 39
2390 14
2391 13
2392 21
2393 33
2394 8
2395 31
2396 2
2397 22
2398 14
2399 20
2400 8
2401 37
2402 19
2403 11
2404 19
2405 6
2406 22
2407 10
2408 30
2409 27
2410 34
2411 20
2412 14
2413 14
2414 8
2415 12
2416 28
2417 11
2418 20
2419 29
2420 20
2421 27
2422 19
2423 25
2424 35
2425 5
2426 35
2427 22
2428 31
2429 6
2430 1
2431 5
2432 9
2433 14
2434 26
2435 6
2436 11
2437 5
2438 30
2439 37
2440 12
2441 15
2442 24
2443 5
2444 6
2445 4
2446 36
2447 7
2448 0
2449 20
2450 25
2451 15
2452 30
2453 37
2454 25
2455 6
2456 2
2457 6
2458 31
2459 6
2460 31
2461 19
2462 22
2463 31
2464 26
2465 17
2466 10
2467 24
2468 10
2469 5
2470 2
2471 25
2472 8
2473 38
2474 37
2475 16
2476 6
2477 31
2478 30
2479 7
2480 28
2481 30
2482 17
2483 8
2484 9
2485 28
2486 10
2487 24
2488 35
2489 31
2490 19
2491 9
2492 36
2493 17
2494 5
2495 26
2496 15
2497 22
2498 14
2499 25
2500 37
2501 37
2502 26
2503 10
2504 37
2505 6
2506 19
2507 5
2508 20
2509 6
2510 24
2511 35
2512 2
2513 20
2514 13
2515 19
2516 35
2517 25
2518 37
2519 31
2520 35
2521 10
2522 9
2523 1
2524 37
2525 37
2526 37
2527 39
2528 35
2529 37
2530 26
2531 26
2532 9
2533 19
2534 37
2535 6
2536 28
2537 30
2538 32
2539 22
2540 23
2541 35
2542 6
2543 26
2544 28
2545 37
2546 30
2547 31
2548 8
2549 8
2550 24
2551 37
2552 17
2553 6
2554 6
2555 30
2556 34
2557 27
2558 25
2559 16
2560 6
2561 35
2562 19
2563 27
2564 16
2565 37
2566 20
2567 11
2568 28
2569 15
2570 23
2571 13
2572 24
2573 22
2574 20
2575 20
2576 32
2577 1
2578 35
2579 22
2580 13
2581 20
2582 10
2583 9
2584 35
2585 22
2586 13
2587 32
2588 24
2589 13
2590 22
2591 31
2592 20
2593 24
2594 24
2595 26
2596 5
2597 13
2598 37
2599 1
2600 6
2601 24
2602 26
2603 31
2604 25
2605 0
2606 11
2607 37
2608 7
2609 14
2610 6
2611 22
2612 35
2613 37
2614 24
2615 18
2616 15
2617 37
2618 27
2619 8
2620 24
2621 10
2622 31
2623 24
2624 19
2625 6
2626 37
2627 30
2628 37
2629 10
2630 19
2631 30
2632 35
2633 19
2634 31
2635 37
2636 18
2637 2
2638 19
2639 19
2640 23
2641 14
2642 13
2643 26
2644 6
2645 37
2646 25
2647 0
2648 17
2649 14
2650 24
2651 38
2652 6
2653 37
2654 19
2655 18
2656 37
2657 37
2658 14
2659 11
2660 14
2661 35
2662 28
2663 26
2664 30
2665 6
2666 26
2667 13
2668 20
2669 39
2670 35
2671 16
2672 19
2673 8
2674 18
2675 6
2676 34
2677 26
2678 14
2679 17
2680 32
2681 27
2682 35
2683 30
2684 27
2685 24
2686 22
2687 25
2688 9
2689 23
2690 13
2691 24
2692 9
2693 32
2694 22
2695 39
2696 38
2697 17
2698 8
2699 22
2700 23
2701 20
2702 26
2703 8
2704 20
2705 20
2706 8
2707 14
2708 20
2709 29
2710 17
2711 5
2712 20
2713 19
2714 20
2715 11
2716 6
2717 20
2718 8
2719 6
2720 6
2721 15
2722 37
2723 2
2724 20
2725 11
2726 30
2727 10
2728 9
2729 14
2730 0
2731 9
2732 18
2733 1
2734 14
2735 15
2736 33
2737 23
2738 22
2739 25
2740 25
2741 26
2742 13
2743 13
2744 14
2745 22
2746 21
2747 28
2748 6
2749 30
2750 18
2751 6
2752 6
2753 30
2754 5
2755 6
2756 28
2757 8
2758 23
2759 20
2760 37
2761 35
2762 22
2763 23
2764 13
2765 9
2766 37
2767 24
2768 26
2769 0
2770 22
2771 30
2772 26
2773 13
2774 7
2775 13
2776 26
2777 20
2778 20
2779 9
2780 19
2781 37
2782 25
2783 13
2784 37
2785 21
2786 6
2787 20
2788 19
2789 14
2790 37
2791 16
2792 37
2793 18
2794 18
2795 13
2796 14
2797 9
2798 19
2799 35
2800 35
2801 14
2802 7
2803 8
2804 35
2805 25
2806 20
2807 11
2808 35
2809 8
2810 18
2811 21
2812 8
2813 7
2814 25
2815 34
2816 19
2817 4
2818 9
2819 35
2820 18
2821 1
2822 7
2823 28
2824 16
2825 14
2826 30
2827 28
2828 8
2829 17
2830 37
2831 13
2832 13
2833 23
2834 14
2835 37
2836 9
2837 38
2838 25
2839 12
2840 19
2841 26
2842 30
2843 5
2844 37
2845 31
2846 35
2847 37
2848 37
2849 35
2850 38
2851 22
2852 20
2853 37
2854 10
2855 15
2856 6
2857 37
2858 35
2859 20
2860 9
2861 23
2862 33
2863 20
2864 18
2865 13
2866 19
2867 31
2868 9
2869 12
2870 25
2871 6
2872 23
2873 28
2874 10
2875 5
2876 28
2877 6
2878 24
2879 19
2880 24
2881 26
2882 31
2883 23
2884 13
2885 20
2886 5
2887 16
2888 9
2889 9
2890 13
2891 37
2892 34
2893 16
2894 20
2895 34
2896 12
2897 13
2898 13
2899 26
2900 7
2901 15
2902 6
2903 37
2904 13
2905 39
2906 1
2907 37
2908 24
2909 28
2910 13
2911 20
2912 30
2913 20
2914 6
2915 11
2916 26
2917 23
2918 6
2919 16
2920 10
2921 34
2922 20
2923 35
2924 38
2925 6
2926 8
2927 23
2928 26
2929 35
2930 35
2931 20
2932 6
2933 28
2934 26
2935 35
2936 24
2937 34
2938 5
2939 1
2940 28
2941 6
2942 26
2943 14
2944 22
2945 19
2946 37
2947 28
2948 13
2949 39
2950 34
2951 11
2952 19
2953 23
2954 35
2955 8
2956 29
2957 35
2958 14
2959 37
2960 19
2961 24
2962 24
2963 39
2964 6
2965 14
2966 26
2967 13
2968 17
2969 20
2970 21
2971 10
2972 9
2973 18
2974 14
2975 21
2976 20
2977 10
2978 25
2979 37
2980 6
2981 11
2982 26
2983 20
2984 6
2985 37
2986 1
2987 15
2988 22
2989 20
2990 1
2991 26
2992 35
2993 25
2994 15
2995 39
2996 13
2997 30
2998 8
2999 18
3000 28
3001 11
3002 37
3003 14
3004 36
3005 20
3006 23
3007 8
3008 21
3009 32
3010 28
3011 20
3012 37
3013 36
3014 15
3015 20
3016 35
3017 10
3018 37
3019 25
3020 1
3021 4
3022 5
3023 14
3024 2
3025 11
3026 30
3027 28
3028 8
3029 6
3030 38
3031 23
3032 8
3033 0
3034 39
3035 20
3036 2
3037 2
3038 24
3039 26
3040 13
3041 18
3042 10
3043 39
3044 9
3045 7
3046 37
3047 19
3048 9
3049 22
3050 31
3051 37
3052 13
3053 35
3054 39
3055 10
3056 5
3057 8
3058 1
3059 14
3060 28
3061 13
3062 19
3063 26
3064 8
3065 14
3066 4
3067 32
3068 26
3069 24
3070 23
3071 13
3072 24
3073 37
3074 30
3075 2
3076 19
3077 14
3078 8
3079 26
3080 30
3081 15
3082 26
3083 7
3084 6
3085 32
3086 24
3087 24
3088 30
3089 37
3090 1
3091 6
3092 20
3093 6
3094 31
3095 6
3096 8
3097 6
3098 17
3099 15
3100 13
3101 6
3102 9
3103 24
3104 13
3105 22
3106 37
3107 26
3108 7
3109 25
3110 22
3111 8
3112 3
3113 4
3114 24
3115 31
3116 16
3117 25
3118 26
3119 9
3120 9
3121 8
3122 9
3123 20
3124 25
3125 31
3126 17
3127 20
3128 6
3129 14
3130 4
3131 19
3132 19
3133 2
3134 34
3135 23
3136 23
3137 20
3138 27
3139 16
3140 26
3141 21
3142 12
3143 28
3144 22
3145 6
3146 34
3147 37
3148 23
3149 21
3150 36
3151 26
3152 2
3153 26
3154 6
3155 31
3156 22
3157 10
3158 9
3159 35
3160 26
3161 24
3162 26
3163 34
3164 20
3165 20
3166 15
3167 10
3168 20
3169 20
3170 6
3171 22
3172 20
3173 27
3174 10
3175 14
3176 10
3177 6
3178 6
3179 10
3180 37
3181 34
3182 18
3183 28
3184 36
3185 20
3186 19
3187 5
3188 24
3189 24
3190 24
3191 35
3192 1
3193 19
3194 11
3195 39
3196 2
3197 9
3198 20
3199 6
3200 17
3201 10
3202 19
3203 28
3204 35
3205 20
3206 19
3207 25
3208 8
3209 26
3210 26
3211 31
3212 21
3213 9
3214 6
3215 30
3216 9
3217 18
3218 25
3219 6
3220 15
3221 26
3222 23
3223 38
3224 5
3225 6
3226 13
3227 32
3228 28
3229 27
3230 12
3231 23
3232 37
3233 31
3234 24
3235 35
3236 9
3237 14
3238 6
3239 21
3240 7
3241 36
3242 14
3243 37
3244 24
3245 26
3246 26
3247 24
3248 26
3249 20
3250 10
3251 26
3252 8
3253 5
3254 30
3255 37
3256 20
3257 37
3258 37
3259 39
3260 25
3261 19
3262 1
3263 25
3264 7
3265 35
3266 17
3267 35
3268 26
3269 25
3270 25
3271 34
3272 1
3273 35
3274 20
3275 39
3276 6
3277 6
3278 25
3279 2
3280 26
3281 18
3282 6
3283 8
3284 13
3285 30
3286 34
3287 19
3288 1
3289 9
3290 6
3291 25
3292 17
3293 5
3294 24
3295 37
3296 20
3297 9
3298 34
3299 37
3300 37
3301 2
3302 21
3303 6
3304 20
3305 1
3306 24
3307 28
3308 20
3309 6
3310 21
3311 24
3312 19
3313 9
3314 38
3315 18
3316 35
3317 26
3318 2
3319 24
3320 6
3321 24
3322 35
3323 22
3324 17
3325 31
3326 24
3327 19
3328 12
3329 25
3330 24
3331 6
3332 24
3333 1
3334 12
3335 24
3336 19
3337 8
3338 19
3339 12
3340 24
3341 13
3342 35
3343 26
3344 6
3345 16
3346 15
3347 37
3348 9
3349 6
3350 26
3351 6
3352 30
3353 31
3354 24
3355 18
3356 22
3357 14
3358 37
3359 35
3360 9
3361 28
3362 20
3363 0
3364 24
3365 0
3366 5
3367 36
3368 37
3369 20
3370 31
3371 10
3372 26
3373 20
3374 24
3375 9
3376 19
3377 19
3378 36
3379 8
3380 9
3381 6
3382 39
3383 24
3384 26
3385 24
3386 9
3387 31
3388 22
3389 37
3390 19
3391 6
3392 38
3393 26
3394 20
3395 20
3396 6
3397 26
3398 11
3399 20
3400 38
3401 31
3402 24
3403 6
3404 14
3405 37
3406 12
3407 19
3408 23
3409 31
3410 24
3411 20
3412 22
3413 6
3414 18
3415 34
3416 14
3417 9
3418 37
3419 24
3420 20
3421 26
3422 5
3423 23
3424 6
3425 25
3426 12
3427 35
3428 25
3429 19
3430 16
3431 4
3432 19
3433 6
3434 17
3435 24
3436 20
3437 34
3438 15
3439 25
3440 37
3441 19
3442 1
3443 18
3444 28
3445 37
3446 20
3447 26
3448 26
3449 25
3450 6
3451 18
3452 15
3453 13
3454 13
3455 37
3456 8
3457 6
3458 27
3459 2
3460 9
3461 28
3462 1
3463 25
3464 9
3465 9
3466 1
3467 37
3468 20
3469 10
3470 26
3471 35
3472 37
3473 21
3474 10
3475 19
3476 35
3477 25
3478 10
3479 20
3480 7
3481 19
3482 20
3483 38
3484 5
3485 23
3486 28
3487 14
3488 28
3489 35
3490 14
3491 30
3492 1
3493 36
3494 23
3495 25
3496 35
3497 25
3498 14
3499 19
3500 26
3501 22
3502 30
3503 15
3504 27
3505 35
3506 2
3507 14
3508 10
3509 37
3510 25
3511 18
3512 37
3513 15
3514 6
3515 6
3516 9
3517 9
3518 37
3519 37
3520 12
3521 6
3522 35
3523 25
3524 31
3525 6
3526 19
3527 31
3528 5
3529 6
3530 23
3531 16
3532 31
3533 13
3534 34
3535 9
3536 37
3537 38
3538 9
3539 38
3540 28
3541 31
3542 25
3543 18
3544 24
3545 11
3546 6
3547 13
3548 37
3549 27
3550 20
3551 30
3552 29
3553 6
3554 37
3555 26
3556 22
3557 27
3558 13
3559 37
3560 24
3561 26
3562 9
3563 9
3564 24
3565 11
3566 17
3567 17
3568 37
3569 37
3570 20
3571 30
3572 28
3573 6
3574 30
3575 20
3576 19
3577 26
3578 37
3579 37
3580 20
3581 25
3582 6
3583 22
3584 22
3585 26
3586 26
3587 16
3588 24
3589 22
3590 20
3591 11
3592 22
3593 10
3594 30
3595 30
3596 20
3597 19
3598 15
3599 35
3600 1
3601 25
3602 1
3603 23
3604 20
3605 22
3606 35
3607 30
3608 37
3609 25
3610 6
3611 20
3612 31
3613 25
3614 34
3615 19
3616 20
3617 21
3618 5
3619 6
3620 23
3621 14
3622 18
3623 23
3624 37
3625 36
3626 28
3627 12
3628 13
3629 5
3630 22
3631 14
3632 24
3633 35
3634 37
3635 37
3636 35
3637 16
3638 26
3639 20
3640 14
3641 19
3642 19
3643 36
3644 10
3645 31
3646 16
3647 17
3648 23
3649 14
3650 26
3651 25
3652 37
3653 25
3654 19
3655 39
3656 26
3657 18
3658 37
3659 36
3660 14
3661 34
3662 23
3663 10
3664 8
3665 36
3666 14
3667 15
3668 7
3669 28
3670 26
3671 25
3672 20
3673 8
3674 20
3675 26
3676 19
3677 13
3678 10
3679 37
3680 24
3681 1
3682 28
3683 37
3684 37
3685 31
3686 7
3687 9
3688 12
3689 6
3690 13
3691 9
3692 39
3693 38
3694 20
3695 28
3696 22
3697 34
3698 14
3699 22
3700 6
3701 35
3702 15
3703 37
3704 35
3705 9
3706 15
3707 14
3708 23
3709 31
3710 23
3711 13
3712 8
3713 17
3714 26
3715 25
3716 26
3717 11
3718 14
3719 5
3720 30
3721 32
3722 35
3723 9
3724 35
3725 18
3726 16
3727 9
3728 25
3729 20
3730 21
3731 24
3732 19
3733 31
3734 37
3735 6
3736 27
3737 9
3738 35
3739 6
3740 24
3741 19
3742 38
3743 37
3744 25
3745 31
3746 10
3747 13
3748 6
3749 20
3750 37
3751 26
3752 22
3753 19
3754 32
3755 26
3756 26
3757 24
3758 24
3759 35
3760 28
3761 24
3762 2
3763 16
3764 24
3765 19
3766 26
3767 17
3768 24
3769 4
3770 8
3771 26
3772 22
3773 6
3774 1
3775 23
3776 37
3777 35
3778 14
3779 30
3780 19
3781 28
3782 1
3783 28
3784 27
3785 22
3786 24
3787 30
3788 24
3789 3
3790 39
3791 25
3792 8
3793 14
3794 39
3795 9
3796 7
3797 26
3798 24
3799 24
3800 6
3801 37
3802 10
3803 22
3804 10
3805 19
3806 30
3807 22
3808 35
3809 20
3810 23
3811 6
3812 13
3813 24
3814 0
3815 27
3816 20
3817 23
3818 24
3819 31
3820 16
3821 2
3822 31
3823 22
3824 36
3825 24
3826 24
3827 19
3828 22
3829 25
3830 24
3831 1
3832 22
3833 28
3834 26
3835 6
3836 20
3837 10
3838 37
3839 6
3840 5
3841 6
3842 24
3843 25
3844 1
3845 6
3846 20
3847 23
3848 1
3849 26
3850 25
3851 10
3852 6
3853 23
3854 24
3855 7
3856 28
3857 22
3858 22
3859 29
3860 30
3861 14
3862 37
3863 25
3864 22
3865 32
3866 22
3867 30
3868 27
3869 30
3870 9
3871 9
3872 13
3873 20
3874 30
3875 6
3876 13
3877 17
3878 26
3879 39
3880 24
3881 22
3882 31
3883 39
3884 2
3885 26
3886 25
3887 14
3888 5
3889 20
3890 22
3891 33
3892 14
3893 9
3894 35
3895 28
3896 25
3897 20
3898 37
3899 39
3900 6
3901 6
3902 14
3903 34
3904 18
3905 6
3906 37
3907 20
3908 6
3909 8
3910 31
3911 21
3912 15
3913 27
3914 24
3915 8
3916 23
3917 9
3918 6
3919 37
3920 12
3921 1
3922 14
3923 9
3924 19
3925 26
3926 13
3927 26
3928 20
3929 13
3930 35
3931 13
3932 6
3933 26
3934 9
3935 19
3936 20
3937 16
3938 10
3939 9
3940 26
3941 9
3942 15
3943 26
3944 23
3945 26
3946 1
3947 31
3948 9
3949 14
3950 12
3951 35
3952 26
3953 25
3954 28
3955 38
3956 30
3957 20
3958 9
3959 39
3960 37
3961 35
3962 39
3963 12
3964 18
3965 24
3966 10
3967 12
3968 24
3969 24
3970 26
3971 24
3972 6
3973 32
3974 15
3975 20
3976 16
3977 9
3978 38
3979 37
3980 31
3981 19
3982 26
3983 25
3984 20
3985 35
3986 18
3987 39
3988 23
3989 16
3990 10
3991 35
3992 1
3993 30
3994 1
3995 38
3996 20
3997 20
3998 26
3999 6
4000 19
4001 34
4002 8
4003 39
4004 24
4005 30
4006 13
4007 14
4008 13
4009 37
4010 6
4011 25
4012 14
4013 5
4014 31
4015 30
4016 31
4017 17
4018 6
4019 26
4020 20
4021 10
4022 13
4023 20
4024 19
4025 5
4026 32
4027 14
4028 35
4029 20
4030 9
4031 24
4032 28
4033 20
4034 13
4035 19
4036 9
4037 39
4038 25
4039 23
4040 37
4041 37
4042 6
4043 28
4044 32
4045 26
4046 11
4047 22
4048 10
4049 6
4050 20
4051 26
4052 9
4053 14
4054 13
4055 22
4056 36
4057 13
4058 6
4059 25
4060 24
4061 30
4062 13
4063 23
4064 10
4065 13
4066 13
4067 14
4068 20
4069 6
4070 4
4071 10
4072 10
4073 24
4074 7
4075 10
4076 6
4077 19
4078 19
4079 22
4080 9
4081 30
4082 6
4083 26
4084 25
4085 31
4086 35
4087 30
4088 11
4089 12
4090 7
4091 6
4092 25
4093 30
4094 35
4095 11
4096 6
4097 14
4098 26
4099 26
4100 26
4101 24
4102 24
4103 2
4104 5
4105 35
4106 2
4107 1
4108 9
4109 18
4110 35
4111 39
4112 6
4113 14
4114 26
4115 8
4116 26
4117 6
4118 22
4119 8
4120 26
4121 25
4122 5
4123 13
4124 30
4125 7
4126 20
4127 16
4128 6
4129 20
4130 25
4131 0
4132 30
4133 24
4134 26
4135 15
4136 30
4137 6
4138 3
4139 25
4140 6
4141 23
4142 37
4143 7
4144 37
4145 24
4146 22
4147 26
4148 26
4149 24
4150 35
4151 13
4152 39
4153 37
4154 14
4155 5
4156 24
4157 23
